dataset,scene,image,rotation_matrix,translation_vector
imc2023_haiper,fountain,fountain_image_116.png,0.122655949;0.947713775;-0.294608417;0.122670643;0.280096125;0.952101924;0.984838784;-0.152920769;-0.081901202,0.093771314;-0.803560988;2.062001533
imc2023_haiper,fountain,fountain_image_108.png,0.474305910;0.359108654;-0.803787832;0.288841620;0.799003104;0.527413081;0.831627574;-0.482322521;0.275246369,0.358946647;-0.797557548;1.910906929
imc2023_haiper,fountain,fountain_image_101.png,0.565115476;-0.138485064;-0.813305838;0.506678120;0.836251817;0.209666834;0.651092760;-0.530570246;0.542746195,0.146922468;-0.981392596;2.009002852
imc2023_haiper,fountain,fountain_image_082.png,-0.308320392;-0.794654112;0.522937261;0.948141740;-0.212071327;0.236755133;-0.077238441;0.568815080;0.818830647,0.206413831;-1.174321103;3.667167680
imc2023_haiper,fountain,fountain_image_071.png,-0.569002830;-0.103808175;0.815757098;0.778745467;-0.386707278;0.493976698;0.264180387;0.916341281;0.300877681,-0.015140892;-1.334052012;3.488936597
imc2023_haiper,fountain,fountain_image_025.png,0.475278519;0.225748964;-0.850380935;0.699239746;0.489715547;0.520809428;0.534016953;-0.842149683;0.074898632,-0.275417758;-1.540694743;3.541109724
imc2023_haiper,fountain,fountain_image_000.png,0.049692953;-0.997143795;0.056875843;0.986604582;0.057867358;0.152521366;-0.155376988;0.048534730;0.986662238,-0.172600675;-1.615670962;4.799234632
imc2023_haiper,fountain,fountain_image_007.png,0.225523801;-0.886993172;-0.402966658;0.973066076;0.225359689;0.048532687;0.047764278;-0.403058461;0.913926940,-0.256933267;-1.993508036;3.835671789
imc2023_haiper,fountain,fountain_image_012.png,0.369994639;-0.694320618;-0.617270480;0.922976119;0.350466663;0.159022647;0.105920023;-0.628563439;0.770512136,-0.130013536;-1.584263084;3.385267514
imc2023_haiper,fountain,fountain_image_033.png,0.344097299;0.666126538;-0.661719340;0.607129522;0.379747355;0.697986883;0.716233755;-0.641924748;-0.273755047,0.064574107;-1.459491906;3.722024826
imc2023_haiper,fountain,fountain_image_173.png,-0.055187833;0.992280644;-0.111055965;0.807970647;0.109729186;0.578915312;0.586632539;-0.057780879;-0.807789350,0.051507925;-1.876540146;3.647545265
imc2023_haiper,fountain,fountain_image_056.png,-0.411424547;0.771132390;0.485885459;0.581053233;-0.188809707;0.791661566;0.702215767;0.608034318;-0.370388020,-0.008073833;-1.390579461;3.626344629
imc2023_haiper,fountain,fountain_image_186.png,-0.527723127;0.574343006;0.625810204;0.774720005;0.023339265;0.631873557;0.348306208;0.818281975;-0.457271687,-0.264405717;-1.937592986;3.422259042
imc2023_haiper,fountain,fountain_image_199.png,-0.555684706;-0.282740311;0.781839130;0.820379526;-0.033912745;0.570812893;-0.134877504;0.958596809;0.250799156,-0.151935764;-1.898719814;3.525124489
imc2023_haiper,fountain,fountain_image_230.png,-0.512827407;0.593029741;0.620744534;0.192073233;-0.625476835;0.756231844;0.836729301;0.507044825;0.206856524,-0.272698239;-0.798410964;1.799685027
imc2023_haiper,fountain,fountain_image_214.png,-0.033318019;-0.999396850;0.009790134;0.881561065;-0.024771548;0.471419621;-0.470892767;0.024337369;0.881854690,0.299704150;-1.818609339;3.462734285
imc2023_haiper,fountain,fountain_image_041.png,0.096736136;0.967273749;-0.234571129;0.552589906;0.143822610;0.820950335;0.827820340;-0.209037201;-0.520592867,-0.090315439;-1.445281585;3.754500151
imc2023_haiper,fountain,fountain_image_166.png,0.205282887;0.853498392;-0.478956608;0.777317243;0.155169230;0.609672383;0.594673726;-0.497456536;-0.631585429,-0.383132509;-2.300858449;3.406057685
imc2023_haiper,fountain,fountain_image_163.png,0.458585619;0.446274041;-0.768465166;0.815727269;0.131665704;0.563252311;0.352545391;-0.885157400;-0.303657906,0.164135481;-2.237573803;3.738445237
imc2023_haiper,fountain,fountain_image_155.png,0.496128360;-0.144718967;-0.856103423;0.857812214;0.234123995;0.457541430;0.134219431;-0.961375252;0.240297251,0.125220804;-2.555268296;3.337481477
imc2023_haiper,fountain,fountain_image_143.png,0.296630411;-0.857445801;-0.420472470;0.839767280;0.443856539;-0.312701597;0.454754126;-0.260342219;0.851716275,0.195142757;-0.434581123;2.490753988
imc2023_haiper,fountain,fountain_image_136.png,-0.210972843;-0.903541305;0.372965910;0.896055570;-0.331235235;-0.295580166;0.390608339;0.271838793;0.879504858,0.224657382;-1.167044255;2.601058995
imc2023_haiper,fountain,fountain_image_129.png,-0.534389548;-0.342131627;0.772899580;0.682218938;-0.714433618;0.155441066;0.499004139;0.610352812;0.615194534,0.232048677;-1.404195761;2.823681170
imc2023_haiper,bike,bike_image_119.png,0.341392766;0.813514561;-0.470791927;0.700040986;0.114171458;0.704916659;0.627210967;-0.570227093;-0.530516226,-0.100077945;-2.544833204;4.041704877
imc2023_haiper,bike,bike_image_115.png,0.390404366;0.163671893;-0.905977893;0.886103228;0.200219299;0.418011127;0.249810931;-0.965983304;-0.066863704,0.829697550;-2.348041794;3.472508100
imc2023_haiper,bike,bike_image_038.png,-0.440758751;-0.614134480;0.654653011;0.867590367;-0.478549884;0.135192325;0.230257854;0.627557846;0.743742207,-0.806161998;-1.361491410;2.575947894
imc2023_haiper,bike,bike_image_049.png,-0.461507078;-0.037215313;0.886355593;0.804080030;-0.439645808;0.400208531;0.374788636;0.897399902;0.232823742,-0.050292370;-2.095335108;3.128109738
imc2023_haiper,bike,bike_image_139.png,0.454847580;0.533125630;-0.713365784;0.391377162;0.599862813;0.697845630;0.799960997;-0.596608472;0.064192953,1.086957983;-1.559403473;3.044106079
imc2023_haiper,bike,bike_image_029.png,-0.303794298;-0.780428110;0.546480548;0.914537071;-0.078080073;0.396894756;-0.267078583;0.620351083;0.737450719,-0.774379505;-2.406362247;4.203909144
imc2023_haiper,bike,bike_image_150.png,0.574971611;-0.279231423;-0.769049711;0.809566126;0.330149685;0.485390434;0.118365259;-0.901682315;0.415882998,0.426737871;-1.868801598;2.797678231
imc2023_haiper,bike,bike_image_137.png,0.224252446;0.868784308;-0.441502738;0.532129633;0.270377466;0.802330406;0.816424457;-0.414861246;-0.401673067,0.784761582;-0.256854640;3.378845297
imc2023_haiper,bike,bike_image_004.png,-0.044408637;-0.994362210;0.096289498;0.998633161;-0.046844259;-0.023182421;0.027562334;0.095128386;0.995083367,-0.196067220;-1.720151463;2.903829461
imc2023_haiper,bike,bike_image_128.png,-0.217724885;0.694914688;0.685338932;0.603873756;-0.455732994;0.653944894;0.766767475;0.556238272;-0.320416329,-1.109435203;-2.545644986;4.578881333
imc2023_haiper,bike,bike_image_062.png,0.064544667;0.994306340;0.084787309;0.475612973;-0.105344868;0.873323971;0.877283469;-0.016042461;-0.479704444,0.458136989;-1.735237700;3.678762819
imc2023_haiper,bike,bike_image_076.png,0.566876909;-0.095101522;-0.818294733;0.728342047;0.521990125;0.443896579;0.384926529;-0.847633181;0.365170586,1.149604938;-1.493026344;2.573789255
imc2023_haiper,bike,bike_image_088.png,0.253507029;-0.876007407;-0.410298926;0.959010629;0.172077743;0.225139652;-0.126620690;-0.450555516;0.883723332,-0.448715630;-1.750899303;2.680271306
imc2023_haiper,bike,bike_image_094.png,0.154387181;-0.929394489;-0.335246896;0.943147090;0.037546107;0.330248175;-0.294343618;-0.367173219;0.882352346,-0.375958967;-2.714322519;4.132218436
imc2023_haiper,bike,bike_image_101.png,0.423465877;-0.672225812;-0.607280090;0.835502404;0.548917216;-0.025012449;0.350160510;-0.496792057;0.794093993,-0.112768968;-0.711739652;1.914870005
imc2023_haiper,chairs,chairs_image_122.png,0.030810877;0.983330806;-0.179196026;0.508286651;0.138954866;0.849903657;0.860636608;-0.117269225;-0.495532601,-1.169417810;-1.142465378;2.292620468
imc2023_haiper,chairs,chairs_image_115.png,0.280807756;0.544482773;-0.790370492;0.590897352;0.550846631;0.589413529;0.756298435;-0.632539721;-0.167051423,-1.095021014;-1.335376996;2.517897681
imc2023_haiper,chairs,chairs_image_103.png,0.340344817;0.664617729;-0.665168159;0.841261673;0.100787601;0.531150314;0.420052618;-0.740354735;-0.524814885,-0.269141233;-1.373602108;2.959490082
imc2023_haiper,chairs,chairs_image_094.png,-0.008476046;0.939967200;0.341159521;0.829666755;-0.183836491;0.527121637;0.558194619;0.287516620;-0.778301330,-0.576127529;-2.278861466;4.329563939
imc2023_haiper,chairs,chairs_image_051.png,0.396016222;-0.147353185;-0.906343307;0.812945229;0.515206538;0.271444797;0.426955742;-0.844304011;0.323820215,0.144492194;-2.024219790;3.389312161
imc2023_haiper,chairs,chairs_image_131.png,-0.346123462;0.626039270;0.698765612;0.552035795;-0.466322015;0.691230974;0.758587523;0.624994888;-0.184191096,-1.486501300;-1.032274292;2.513791778
imc2023_haiper,chairs,chairs_image_004.png,-0.070596389;-0.944280744;0.321480990;0.996052411;-0.084118458;-0.028349227;0.053812114;0.318210563;0.946491571,0.380961437;-1.625696681;3.337198946
imc2023_haiper,chairs,chairs_image_160.png,0.296196927;-0.382969016;-0.874986922;0.953719994;0.168293159;0.249189858;0.051822318;-0.908301792;0.415093124,-0.024319655;0.345536374;4.324813302
imc2023_haiper,chairs,chairs_image_035.png,0.112570320;0.971529231;-0.208467926;0.630340843;0.092359969;0.770804811;0.768113497;-0.218175592;-0.601997564,-0.024999599;-2.045897910;3.089317607
imc2023_haiper,chairs,chairs_image_045.png,0.320619314;0.295217547;-0.900027697;0.797709519;0.428198999;0.424623529;0.510747275;-0.854103165;-0.098208978,0.569519434;-1.743763125;3.934923682
imc2023_haiper,chairs,chairs_image_155.png,0.196610243;-0.829773663;-0.522321818;0.972532133;0.232739889;-0.003659911;0.124602020;-0.507255175;0.852740596,-0.137851329;-0.496575589;3.785631804
imc2023_haiper,chairs,chairs_image_152.png,-0.033371541;-0.989600817;-0.139916272;0.999196479;-0.036144039;0.017320673;-0.022197691;-0.139225828;0.990011834,0.258395416;0.118801057;2.851996805
imc2023_haiper,chairs,chairs_image_020.png,-0.365945689;0.384297401;0.847584368;0.765928243;-0.392958419;0.508859123;0.528618652;0.835403608;-0.150542794,0.136272695;-1.550127360;2.620041045
imc2023_haiper,chairs,chairs_image_144.png,-0.181306088;-0.714684974;0.675539407;0.972721941;-0.231404138;0.016252714;0.144707044;0.660058720;0.737144734,-0.214500768;-0.246891812;2.334909592
imc2023_haiper,chairs,chairs_image_141.png,-0.353281921;-0.240085489;0.904185181;0.918148510;-0.274355291;0.285888942;0.179430202;0.931175672;0.317358898,0.168852799;-0.100550679;3.076087974
imc2023_haiper,chairs,chairs_image_073.png,-0.358387254;-0.623314445;0.695009121;0.928432595;-0.159949237;0.335304575;-0.097834007;0.765438008;0.636029216,0.371400312;-1.650134096;3.708180305
imc2023_heritage,outliers,outliers_dsc_4115_thumb.png,nan;nan;nan;nan;nan;nan;nan;nan;nan,nan;nan;nan
imc2023_heritage,outliers,outliers_dsc_4120_thumb.png,nan;nan;nan;nan;nan;nan;nan;nan;nan,nan;nan;nan
imc2023_heritage,outliers,outliers_dsc_4122_thumb.png,nan;nan;nan;nan;nan;nan;nan;nan;nan,nan;nan;nan
imc2023_heritage,outliers,outliers_dsc_4125_thumb.png,nan;nan;nan;nan;nan;nan;nan;nan;nan,nan;nan;nan
imc2023_heritage,outliers,outliers_dsc_4127_thumb.png,nan;nan;nan;nan;nan;nan;nan;nan;nan,nan;nan;nan
imc2023_heritage,outliers,outliers_dsc_4128_thumb.png,nan;nan;nan;nan;nan;nan;nan;nan;nan,nan;nan;nan
imc2023_heritage,outliers,outliers_dsc_4129_thumb.png,nan;nan;nan;nan;nan;nan;nan;nan;nan,nan;nan;nan
imc2023_heritage,outliers,outliers_dsc_4165_thumb.png,nan;nan;nan;nan;nan;nan;nan;nan;nan,nan;nan;nan
imc2023_heritage,outliers,outliers_dsc_4167_thumb.png,nan;nan;nan;nan;nan;nan;nan;nan;nan,nan;nan;nan
imc2023_heritage,outliers,outliers_dsc_4176_thumb.png,nan;nan;nan;nan;nan;nan;nan;nan;nan,nan;nan;nan
imc2023_heritage,outliers,outliers_dsc_4177_thumb.png,nan;nan;nan;nan;nan;nan;nan;nan;nan,nan;nan;nan
imc2023_heritage,outliers,outliers_dsc_4178_thumb.png,nan;nan;nan;nan;nan;nan;nan;nan;nan,nan;nan;nan
imc2023_heritage,outliers,outliers_dsc_4473_thumb.png,nan;nan;nan;nan;nan;nan;nan;nan;nan,nan;nan;nan
imc2023_heritage,outliers,outliers_dsc_4474_thumb.png,nan;nan;nan;nan;nan;nan;nan;nan;nan,nan;nan;nan
imc2023_heritage,outliers,outliers_img_3222.png,nan;nan;nan;nan;nan;nan;nan;nan;nan,nan;nan;nan
imc2023_heritage,outliers,outliers_img_3225.png,nan;nan;nan;nan;nan;nan;nan;nan;nan,nan;nan;nan
imc2023_heritage,outliers,outliers_img_3229.png,nan;nan;nan;nan;nan;nan;nan;nan;nan,nan;nan;nan
imc2023_heritage,outliers,outliers_img_3233.png,nan;nan;nan;nan;nan;nan;nan;nan;nan,nan;nan;nan
imc2023_heritage,outliers,outliers_img_3237.png,nan;nan;nan;nan;nan;nan;nan;nan;nan,nan;nan;nan
imc2023_heritage,outliers,outliers_img_3240.png,nan;nan;nan;nan;nan;nan;nan;nan;nan,nan;nan;nan
imc2023_heritage,outliers,outliers_img_3249.png,nan;nan;nan;nan;nan;nan;nan;nan;nan,nan;nan;nan
imc2023_heritage,outliers,outliers_img_3250.png,nan;nan;nan;nan;nan;nan;nan;nan;nan,nan;nan;nan
imc2023_heritage,outliers,outliers_img_3251.png,nan;nan;nan;nan;nan;nan;nan;nan;nan,nan;nan;nan
imc2023_heritage,outliers,outliers_img_3253.png,nan;nan;nan;nan;nan;nan;nan;nan;nan,nan;nan;nan
imc2023_heritage,outliers,outliers_img_3254.png,nan;nan;nan;nan;nan;nan;nan;nan;nan,nan;nan;nan
imc2023_heritage,outliers,outliers_img_3255.png,nan;nan;nan;nan;nan;nan;nan;nan;nan,nan;nan;nan
imc2023_heritage,outliers,outliers_img_3261.png,nan;nan;nan;nan;nan;nan;nan;nan;nan,nan;nan;nan
imc2023_heritage,outliers,outliers_img_3262.png,nan;nan;nan;nan;nan;nan;nan;nan;nan,nan;nan;nan
imc2023_heritage,outliers,outliers_img_8367.png,nan;nan;nan;nan;nan;nan;nan;nan;nan,nan;nan;nan
imc2023_heritage,outliers,outliers_img_8368.png,nan;nan;nan;nan;nan;nan;nan;nan;nan,nan;nan;nan
imc2023_heritage,outliers,outliers_img_8372.png,nan;nan;nan;nan;nan;nan;nan;nan;nan,nan;nan;nan
imc2023_heritage,outliers,outliers_img_8375.png,nan;nan;nan;nan;nan;nan;nan;nan;nan,nan;nan;nan
imc2023_heritage,outliers,outliers_img_8599.png,nan;nan;nan;nan;nan;nan;nan;nan;nan,nan;nan;nan
imc2023_heritage,outliers,outliers_img_8600.png,nan;nan;nan;nan;nan;nan;nan;nan;nan,nan;nan;nan
imc2023_heritage,outliers,outliers_img_8630_thumb.png,nan;nan;nan;nan;nan;nan;nan;nan;nan,nan;nan;nan
imc2023_heritage,outliers,outliers_img_8632.png,nan;nan;nan;nan;nan;nan;nan;nan;nan,nan;nan;nan
imc2023_heritage,outliers,outliers_img_8634.png,nan;nan;nan;nan;nan;nan;nan;nan;nan,nan;nan;nan
imc2023_heritage,outliers,outliers_img_8641.png,nan;nan;nan;nan;nan;nan;nan;nan;nan,nan;nan;nan
imc2023_heritage,outliers,outliers_img_8648.png,nan;nan;nan;nan;nan;nan;nan;nan;nan,nan;nan;nan
imc2023_heritage,outliers,outliers_img_8656_thumb.png,nan;nan;nan;nan;nan;nan;nan;nan;nan,nan;nan;nan
imc2023_heritage,outliers,outliers_img_8662.png,nan;nan;nan;nan;nan;nan;nan;nan;nan,nan;nan;nan
imc2023_heritage,outliers,outliers_img_8665_thumb.png,nan;nan;nan;nan;nan;nan;nan;nan;nan,nan;nan;nan
imc2023_heritage,outliers,outliers_img_8838_thumb.png,nan;nan;nan;nan;nan;nan;nan;nan;nan,nan;nan;nan
imc2023_heritage,outliers,outliers_img_8849_thumb.png,nan;nan;nan;nan;nan;nan;nan;nan;nan,nan;nan;nan
imc2023_heritage,outliers,outliers_img_8871.png,nan;nan;nan;nan;nan;nan;nan;nan;nan,nan;nan;nan
imc2023_heritage,outliers,outliers_img_8890.png,nan;nan;nan;nan;nan;nan;nan;nan;nan,nan;nan;nan
imc2023_heritage,outliers,outliers_img_8894.png,nan;nan;nan;nan;nan;nan;nan;nan;nan,nan;nan;nan
imc2023_heritage,outliers,outliers_img_8904.png,nan;nan;nan;nan;nan;nan;nan;nan;nan,nan;nan;nan
imc2023_heritage,outliers,outliers_img_8916.png,nan;nan;nan;nan;nan;nan;nan;nan;nan,nan;nan;nan
imc2023_heritage,outliers,outliers_img_8948_thumb.png,nan;nan;nan;nan;nan;nan;nan;nan;nan,nan;nan;nan
imc2023_heritage,outliers,outliers_img_8978_thumb.png,nan;nan;nan;nan;nan;nan;nan;nan;nan,nan;nan;nan
imc2023_heritage,outliers,outliers_img_9065.png,nan;nan;nan;nan;nan;nan;nan;nan;nan,nan;nan;nan
imc2023_heritage,outliers,outliers_img_9068.png,nan;nan;nan;nan;nan;nan;nan;nan;nan,nan;nan;nan
imc2023_heritage,outliers,outliers_img_9070.png,nan;nan;nan;nan;nan;nan;nan;nan;nan,nan;nan;nan
imc2023_heritage,outliers,outliers_img_9072.png,nan;nan;nan;nan;nan;nan;nan;nan;nan,nan;nan;nan
imc2023_heritage,outliers,outliers_img_9075.png,nan;nan;nan;nan;nan;nan;nan;nan;nan,nan;nan;nan
imc2023_heritage,outliers,outliers_img_9076.png,nan;nan;nan;nan;nan;nan;nan;nan;nan,nan;nan;nan
imc2023_heritage,outliers,outliers_img_9078.png,nan;nan;nan;nan;nan;nan;nan;nan;nan,nan;nan;nan
imc2023_heritage,outliers,outliers_img_9078_thumb.png,nan;nan;nan;nan;nan;nan;nan;nan;nan,nan;nan;nan
imc2023_heritage,outliers,outliers_img_9084.png,nan;nan;nan;nan;nan;nan;nan;nan;nan,nan;nan;nan
imc2023_heritage,outliers,outliers_img_9085.png,nan;nan;nan;nan;nan;nan;nan;nan;nan,nan;nan;nan
imc2023_heritage,dioscuri,dioscuri_archive_0069.png,-0.979195550;0.007108398;0.202794343;0.075310782;0.940738779;0.330664235;-0.188426009;0.339057548;-0.921702565,-0.291553977;-0.946437595;13.408536680
imc2023_heritage,dioscuri,dioscuri_img_0055.png,0.785662722;0.064108891;0.615324417;-0.087516398;0.996131282;0.007959215;-0.612433644;-0.060104236;0.788233793,-6.586804719;8.984641372;55.394285509
imc2023_heritage,dioscuri,dioscuri_3dom_fbk_img_1541.png,0.132941521;-0.987868247;-0.080267541;0.867775653;0.076887050;0.490972298;-0.478844409;-0.134924822;0.867469495,-2.348781340;-5.801293446;10.845935177
imc2023_heritage,dioscuri,dioscuri_img_0258.png,0.768028626;-0.130201091;-0.627040434;0.187345916;0.981961091;0.025571909;0.612399819;-0.137113423;0.778566870,3.684439257;5.235047374;21.338402117
imc2023_heritage,dioscuri,dioscuri_archive_0171.png,0.736159771;-0.015100848;-0.676639311;0.084545831;0.993971812;0.069799997;0.671506362;-0.108590983;0.732998775,2.388268951;2.376106769;11.237095625
imc2023_heritage,dioscuri,dioscuri_img_0163.png,0.006553399;0.997126582;-0.075469410;-0.952115125;-0.016847759;-0.305275191;-0.305669498;0.073856157;0.949268890,2.303484718;1.486209073;53.109337048
imc2023_heritage,dioscuri,dioscuri_3dom_fbk_img_1563.png,-0.468273509;-0.867834129;0.166083850;-0.057305737;-0.157741435;-0.985816257;0.881723298;-0.471149195;0.024134260,-7.957702328;8.902477460;14.253438049
imc2023_heritage,dioscuri,dioscuri_img_0161.png,-0.033134796;0.998414821;0.045496488;-0.947314052;-0.016863190;-0.319862032;-0.318587777;-0.053698026;0.946371148,8.975344293;0.726203887;51.773916487
imc2023_heritage,dioscuri,dioscuri_img_0188.png,0.999890723;-0.001042943;-0.014746329;0.000088220;0.997911495;-0.064595985;0.014782901;0.064587625;0.997802538,-1.364324068;2.732420460;46.521662416
imc2023_heritage,dioscuri,dioscuri_img_0314.png,0.046563280;-0.153985040;-0.986975414;0.490197924;0.864419268;-0.111737750;0.870366507;-0.478610423;0.115733343,9.072556289;8.921470763;15.740264409
imc2023_heritage,dioscuri,dioscuri_img_0460.png,-0.515331295;0.747818719;-0.418569969;0.489861024;-0.143719497;-0.859872597;-0.703185490;-0.648160373;-0.292264089,9.431260554;5.262367726;14.033133727
imc2023_heritage,dioscuri,dioscuri_img_0364.png,0.202637501;0.917299536;-0.342782154;0.742761705;0.084139405;0.664248154;0.638156010;-0.389207043;-0.664285169,6.768050278;-7.562013731;23.484468335
imc2023_heritage,dioscuri,dioscuri_3dom_fbk_img_1516.png,-0.088382941;-0.994700208;0.052535250;0.238858585;-0.072367278;-0.968354043;0.967023801;-0.073037483;0.243988717,-1.490508971;6.617873079;17.352060222
imc2023_heritage,dioscuri,dioscuri_3dom_fbk_img_1561.png,0.488159118;-0.097832321;-0.867254007;-0.151182020;0.969196183;-0.194429305;0.859560744;0.226025651;0.458331466,4.962846785;-2.784951473;15.679640111
imc2023_heritage,dioscuri,dioscuri_img_0187.png,0.999891799;-0.002424199;-0.014509108;0.002465532;0.999992952;0.002831521;0.014502141;-0.002866987;0.999890728,-1.366985310;5.856786965;46.422544894
imc2023_heritage,dioscuri,dioscuri_img_0348.png,-0.528508127;-0.172339862;-0.831250944;0.456532316;0.767833930;-0.449454447;0.715721597;-0.617033247;-0.327127755,9.139930177;12.051492395;17.095807811
imc2023_heritage,dioscuri,dioscuri_archive_0036.png,-0.981716742;-0.029917497;0.187981865;0.059174304;0.890670038;0.450782969;-0.180916113;0.453664884;-0.872615341,-0.723931406;-3.294948963;12.620112541
imc2023_heritage,dioscuri,dioscuri_img_0238.png,0.180153296;0.983393987;0.021933004;-0.793156484;0.132042597;0.594531366;0.581762479;-0.124503089;0.803773226,6.218384788;0.014279887;26.386441094
imc2023_heritage,dioscuri,dioscuri_img_0369.png,0.179649757;0.925373903;-0.333780025;0.790187965;0.066354139;0.609261937;0.585942782;-0.373202718;-0.719298816,6.297421258;-5.665970748;24.168719043
imc2023_heritage,dioscuri,dioscuri_img_0276.png,0.095868613;0.989688574;-0.106422438;-0.348024308;0.133493944;0.927932351;0.932570796;-0.051921992;0.357233560,2.266133013;-6.784606806;22.328223771
imc2023_heritage,dioscuri,dioscuri_3dom_fbk_img_1566.png,-0.679790996;-0.102994814;-0.726137914;0.512170021;0.642000810;-0.570540822;0.524943875;-0.759754585;-0.383675514,6.463046138;12.886027539;13.244002598
imc2023_heritage,dioscuri,dioscuri_archive_0070.png,0.152662991;0.092120474;0.983975523;0.107436825;0.988198392;-0.109184557;-0.982421162;0.122383647;0.140964191,-10.417611201;4.680420497;2.528800629
imc2023_heritage,dioscuri,dioscuri_img_0068.png,0.000529991;0.993423879;-0.114493297;-0.699788431;-0.081419863;-0.709694975;-0.714349964;0.080497216;0.695143386,0.623684705;6.379766467;58.270780013
imc2023_heritage,dioscuri,dioscuri_archive_0022.png,0.993557790;-0.111668596;0.019314311;-0.110527506;-0.992485488;-0.052499774;0.025031750;0.050026796;-0.998434140,-2.466574182;-2.831021466;11.725809675
imc2023_heritage,dioscuri,dioscuri_archive_0230.png,0.739714583;-0.032458340;-0.672137480;0.077103448;0.996345913;0.036740713;0.668488888;-0.079001758;0.739514252,2.417255475;2.000019600;10.705742256
imc2023_heritage,dioscuri,dioscuri_img_0354.png,0.201253665;0.913458582;-0.353681186;0.754251400;0.085862641;0.650947335;0.624981430;-0.397770067;-0.671697243,7.018991048;-7.149539658;23.515068769
imc2023_heritage,dioscuri,dioscuri_img_0246.png,0.803989546;-0.074307943;-0.589982322;0.156000846;0.983767806;0.088682806;0.573815778;-0.163337790;0.802531133,2.291413974;5.858586283;21.661719505
imc2023_heritage,dioscuri,dioscuri_archive_0004.png,0.553138640;-0.085182699;-0.828722844;0.106777819;0.993803226;-0.030881137;0.826217975;-0.071407668;0.558806588,4.792961353;4.094196895;26.588703674
imc2023_heritage,dioscuri,dioscuri_archive_0034.png,0.280565144;0.151178115;0.947854618;0.018163938;0.986505208;-0.162719222;-0.959663103;0.062870115;0.274032986,-10.323030610;4.972934629;-0.263702041
imc2023_heritage,dioscuri,dioscuri_img_0115.png,-0.158033575;0.153283922;0.975463699;-0.210567224;0.959923360;-0.184955636;-0.964721117;-0.234629884;-0.119423550,-6.326656492;8.744134245;48.458749077
imc2023_heritage,dioscuri,dioscuri_archive_0068.png,-0.999407841;0.006729925;-0.033744254;0.000455486;0.983187929;0.182595973;0.034405800;0.182472478;-0.982608791,2.235088656;1.116475414;13.197437840
imc2023_heritage,dioscuri,dioscuri_3dom_fbk_img_1548.png,0.999480748;-0.007469107;-0.031344009;0.000606613;0.976951840;-0.213458978;0.032215935;0.213329125;0.976449086,-3.045038971;-1.491901359;10.777329927
imc2023_heritage,dioscuri,dioscuri_archive_0092.png,0.369231512;0.027583651;0.928928002;0.004821310;0.999489116;-0.031595278;-0.929324941;0.016144622;0.368909888,-10.586314746;4.223358779;-0.026162776
imc2023_heritage,dioscuri,dioscuri_img_0418.png,-0.038374226;0.969425072;-0.242368414;0.986743853;-0.001511855;-0.162278412;-0.157683187;-0.245382851;-0.956516215,2.185330269;0.031589567;26.724090934
imc2023_heritage,dioscuri,dioscuri_img_0079.png,0.521812590;0.231716710;0.820986594;-0.084954724;0.971733039;-0.220267103;-0.848819366;0.045191458;0.526747963,-6.573236177;1.236608786;57.793640349
imc2023_heritage,dioscuri,dioscuri_img_0095.png,0.202279734;0.181189159;0.962420593;-0.210506519;0.967808927;-0.137959727;-0.956436048;-0.174689352;0.233909632,-6.676796012;8.431471242;49.389331869
imc2023_heritage,dioscuri,dioscuri_archive_0003.png,0.844056929;0.066588390;0.532103267;-0.057731617;0.997777080;-0.033286017;-0.533136906;-0.002623888;0.846024914,-4.497804681;4.897160173;43.533480175
imc2023_heritage,dioscuri,dioscuri_3dom_fbk_img_1580.png,-0.940436558;-0.014231864;-0.339671215;-0.053490638;0.992873127;0.106497442;0.335734765;0.118323318;-0.934495458,3.375909960;-4.187283712;22.753034538
imc2023_heritage,dioscuri,dioscuri_img_0181.png,0.996792414;-0.030630354;0.073936896;0.036638614;0.996014084;-0.081323781;-0.071151214;0.083771874;0.993941536,-1.186218124;1.932162532;49.103240390
imc2023_heritage,dioscuri,dioscuri_archive_0095.png,-0.038558906;0.999131243;-0.015810471;0.992554940;0.040124874;0.114998636;0.115533123;-0.011258539;-0.993239821,3.346187244;-2.916600453;11.723170801
imc2023_heritage,dioscuri,dioscuri_archive_0033.png,-0.981320275;-0.006255331;0.192279453;0.004509882;0.998448573;0.055498726;-0.192328308;0.055329183;-0.979769618,-0.703283178;3.015647869;13.354903822
imc2023_heritage,dioscuri,dioscuri_archive_0010.png,-0.595873209;-0.125734576;0.793174593;-0.794075231;0.239725287;-0.558548399;-0.119915161;-0.962664325;-0.242688588,-6.290613950;11.521477086;5.337221027
imc2023_heritage,dioscuri,dioscuri_img_0424.png,-0.030418624;0.924681825;-0.379523687;0.997957588;0.006757524;-0.063521562;-0.056172594;-0.380680782;-0.922998798,5.929640846;-2.709718563;26.035594918
imc2023_heritage,dioscuri,dioscuri_img_0092.png,-0.182575026;0.968662362;-0.168403056;-0.354805873;-0.224652688;-0.907548325;-0.916940103;-0.105945266;0.384703065,7.294580028;6.605387338;55.586900969
imc2023_heritage,dioscuri,dioscuri_archive_0160.png,-0.196882446;-0.143987363;-0.969796340;-0.006902432;-0.988928931;0.148229304;-0.980402804;0.035877702;0.193708884,10.074316044;-5.350958841;0.854585501
imc2023_heritage,dioscuri,dioscuri_img_0339.png,0.381163491;0.824213897;-0.418790932;0.555265656;0.158089737;0.816509452;0.739184986;-0.543763815;-0.397399634,10.339844596;-8.309457169;18.581213027
imc2023_heritage,dioscuri,dioscuri_img_0132.png,-0.636387890;0.055214803;0.769390525;-0.556089244;0.658409432;-0.507209791;-0.534579467;-0.750631964;-0.388299431,-7.329651836;12.004875950;14.631663052
imc2023_heritage,dioscuri,dioscuri_archive_0028.png,0.281184528;0.116305952;0.952579754;0.240641332;0.952368378;-0.187313166;-0.928992471;0.281899625;0.239803233,-10.465569750;4.572759913;2.153621550
imc2023_heritage,dioscuri,dioscuri_img_0200.png,0.000899333;0.995489768;-0.094864711;-0.999215970;0.004649395;0.039317015;0.039580750;0.094754975;0.994713456,1.168028536;-2.096256796;39.558699899
imc2023_heritage,dioscuri,dioscuri_3dom_fbk_img_1520.png,-0.270710394;-0.912247674;0.307441156;-0.653246609;-0.060501761;-0.754724059;0.707095998;-0.405146540;-0.579544244,-6.194308919;7.176084081;19.342462292
imc2023_heritage,dioscuri,dioscuri_img_0370.png,0.155205084;0.923315437;-0.351283340;0.842728075;0.061803003;0.534780124;0.515481109;-0.379036927;-0.768511701,6.448299443;-3.357750853;24.412081835
imc2023_heritage,dioscuri,dioscuri_img_0112.png,-0.117359541;0.972592483;-0.200725187;0.133594313;-0.184822917;-0.973649346;-0.984062649;-0.141082784;-0.108242092,4.484257354;7.798315023;48.785829456
imc2023_heritage,dioscuri,dioscuri_img_0444.png,-0.930231845;-0.016367069;0.366607192;-0.227430997;0.809731165;-0.540934915;-0.287999749;-0.586572723;-0.756960095,-1.696014626;11.276814782;22.969734186
imc2023_heritage,dioscuri,dioscuri_img_0105.png,0.050606679;0.106293789;0.993046119;-0.064907080;0.992568123;-0.102934892;-0.996607262;-0.059246530;0.057129796,-7.056010438;0.820839735;48.770448858
imc2023_heritage,dioscuri,dioscuri_img_0283.png,0.300553071;-0.130514422;-0.944793013;0.271240720;0.961386645;-0.046520867;0.914383029;-0.242284348;0.324348534,6.397993121;6.471358375;22.108270152
imc2023_heritage,dioscuri,dioscuri_archive_0026.png,-0.769529782;0.085374936;0.632878373;-0.164560219;0.931045735;-0.325689688;-0.617044446;-0.354774518;-0.702418104,-6.567432671;7.976836079;8.140195398
imc2023_heritage,dioscuri,dioscuri_archive_0015.png,0.495886392;0.125174304;0.859318381;-0.517387209;0.837331500;0.176596815;-0.697428965;-0.532172296;0.479984880,-5.741301718;7.839027975;12.726047796
imc2023_heritage,dioscuri,dioscuri_img_0359.png,0.282994750;0.848292767;-0.447563798;0.780874640;0.067173806;0.621065597;0.556910018;-0.525249523;-0.643400475,10.296788762;-6.055988097;22.674687893
imc2023_heritage,dioscuri,dioscuri_archive_0116.png,-0.214274339;0.941522650;0.260041547;0.841133493;0.042517253;0.539153716;0.496569184;0.334256461;-0.801056592,4.792177760;-6.031570270;13.047963913
imc2023_heritage,dioscuri,dioscuri_img_0277.png,0.246750874;0.967958348;-0.046590164;-0.351895304;0.134292500;0.926355882;0.902930618;-0.212184264;0.373756788,5.901936945;-6.882307485;21.648627211
imc2023_heritage,dioscuri,dioscuri_img_0376.png,0.168977311;0.769533056;-0.615845389;0.936683213;0.069057653;0.343301032;0.306710329;-0.634862123;-0.709139520,13.806098340;-3.389651960;22.882339281
imc2023_heritage,dioscuri,dioscuri_img_0412.png,-0.054767466;0.844271166;-0.533110422;0.996062688;0.008919539;-0.088201838;-0.069711169;-0.535841991;-0.841435508,10.407132168;-2.013482702;24.666433790
imc2023_heritage,dioscuri,dioscuri_img_0230.png,0.062938947;0.997933593;0.012931852;-0.950188136;0.055954390;0.306613133;0.305255951;-0.031585600;0.951746371,4.740588527;-0.935259831;31.325363493
imc2023_heritage,dioscuri,dioscuri_img_0266.png,0.131800217;0.990083926;0.048605784;-0.570485978;0.035661156;0.820532773;0.810662970;-0.135875316;0.569529145,4.316139777;-5.014442713;22.123514222
imc2023_heritage,dioscuri,dioscuri_img_0237.png,0.122189578;0.990853521;-0.057262612;-0.791718235;0.132101250;0.596432306;0.598541514;-0.027541958;0.800618197,3.604188535;0.085110340;26.827175652
imc2023_heritage,dioscuri,dioscuri_3dom_fbk_img_1524.png,0.042184178;-0.892501748;0.449066949;-0.979134751;0.052497485;0.196313918;-0.198785400;-0.447978396;-0.871664913,-7.474326183;-0.166658165;23.551670588
imc2023_heritage,dioscuri,dioscuri_img_0081.png,0.513801417;0.231217355;0.826163809;-0.224479014;0.965679989;-0.130657305;-0.828020094;-0.118324529;0.548071190,-6.001613165;10.761077552;56.808825015
imc2023_heritage,dioscuri,dioscuri_img_0209.png,0.036619463;0.998807907;0.032276622;-0.979515409;0.029474950;0.199200379;0.198011561;-0.038910060;0.979427092,6.272912816;4.369022139;38.884388285
imc2023_heritage,dioscuri,dioscuri_img_0401.png,-0.968482030;-0.063200018;-0.240932181;0.123097440;0.719456153;-0.683542145;0.216540016;-0.691656418;-0.689000595,4.371960900;14.930690123;21.267452876
imc2023_heritage,dioscuri,dioscuri_img_0213.png,0.137040669;0.985087071;0.104035178;-0.941736743;0.096997039;0.322061300;0.307167318;-0.142109246;0.940985229,8.125648248;-0.010114161;29.962080074
imc2023_heritage,dioscuri,dioscuri_img_0338.png,0.317385020;0.817551066;-0.480496622;0.690376763;0.148164171;0.708115318;0.650112817;-0.556468897;-0.517393170,10.640080010;-4.473518890;19.586398924
imc2023_heritage,dioscuri,dioscuri_img_0216.png,0.953149400;-0.077284306;-0.292460866;0.061985156;0.996196738;-0.061236429;0.296081175;0.040239233;0.954314802,1.314292638;2.588789575;30.984419345
imc2023_heritage,dioscuri,dioscuri_archive_0071.png,0.148047772;0.121919332;0.981436464;0.252965462;0.954691544;-0.156756279;-0.956080714;0.271476947;0.110498576,-10.415010101;4.643383358;3.359081714
imc2023_heritage,dioscuri,dioscuri_archive_0072.png,-0.999434666;0.008168888;-0.032613160;0.009508382;0.999108532;-0.041130664;0.032248094;-0.041417510;-0.998621375,2.517267035;4.175683737;12.309229489
imc2023_heritage,dioscuri,dioscuri_img_0227.png,0.050891500;0.997940366;-0.039052280;-0.936650392;0.061261553;0.344866734;0.346548838;0.019027548;0.937838928,3.104628686;0.333936570;30.937692147
imc2023_heritage,cyprus,cyprus_dsc_6585.png,-0.408453724;0.902960880;0.133518557;-0.199681581;0.054340758;-0.978352875;-0.890669872;-0.426273072;0.158108971,1.245393427;-2.553846430;3.153191385
imc2023_heritage,cyprus,cyprus_dsc_6577.png,0.038825609;0.995228610;0.089513048;0.531942804;0.055246989;-0.844976108;-0.845889724;0.080422533;-0.527259699,-0.462324419;-0.612836846;2.819799809
imc2023_heritage,cyprus,cyprus_dsc_6573.png,0.001680268;-0.999137091;-0.041500004;-0.986412074;-0.008473711;0.164071376;-0.164281456;0.040660421;-0.985575128,-0.050292497;-1.622454305;4.186763725
imc2023_heritage,cyprus,cyprus_dsc_6569.png,0.059906323;-0.993485852;-0.096938613;-0.799525306;0.010386805;-0.600542587;0.597637446;0.113481173;-0.793694845,0.944416396;-2.355785583;8.751821143
imc2023_heritage,cyprus,cyprus_dsc_6565.png,-0.608018518;0.000868764;-0.793922369;-0.013651922;0.999840107;0.011549299;0.793805459;0.017860754;-0.607909439,2.233396759;-0.089294103;12.920198912
imc2023_heritage,cyprus,cyprus_dsc_6557.png,-0.071399364;-0.972759504;-0.220547224;-0.896048810;-0.034580360;0.442606743;-0.438176519;0.229222918;-0.869170980,1.530311972;-5.560582520;9.182934605
imc2023_heritage,cyprus,cyprus_dsc_6548.png,-0.556930771;-0.054580592;0.828763583;-0.003667645;0.997990288;0.063260835;-0.830550820;0.032192295;-0.556011682,-5.697839524;-0.759302769;7.383555331
imc2023_heritage,cyprus,cyprus_dsc_6540.png,-0.994597312;-0.001657890;-0.103795171;-0.003047716;0.999907796;0.013232923;0.103763662;0.013477768;-0.994510660,2.584162001;-0.278977650;5.851064677
imc2023_heritage,cyprus,cyprus_dsc_6589.png,-0.907678767;-0.379115775;-0.179973569;0.115202109;0.187284657;-0.975527002;0.403543964;-0.906198481;-0.126319370,-0.015418882;-2.721413691;-0.393116706
imc2023_heritage,cyprus,cyprus_dsc_6593.png,-0.541890118;-0.431843382;-0.721017610;0.455757719;0.569812508;-0.683811821;0.706144462;-0.699160210;-0.111959812,-0.039451691;-2.770248065;-1.878035029
imc2023_heritage,cyprus,cyprus_dsc_6597.png,-0.060118620;-0.998063882;-0.015944883;-0.152098664;0.024946610;-0.988050435;0.986535224;-0.056975033;-0.153303939,0.239422339;-1.433055049;-1.248719903
imc2023_heritage,cyprus,cyprus_dsc_6601.png,-0.100206958;-0.992225419;-0.073805719;0.334470384;0.036269160;-0.941708081;0.937063567;-0.119051529;0.328235594,0.073014296;-3.727167973;0.969293232
imc2023_heritage,cyprus,cyprus_dsc_6605.png,0.273479343;-0.961489100;-0.027345181;0.071969066;0.048803106;-0.996212181;0.959181684;0.270475446;0.082544114,-0.464479189;-0.579991877;0.501609785
imc2023_heritage,cyprus,cyprus_dsc_6480.png,-0.046106455;0.998149010;0.039657890;-0.168139212;-0.046888135;0.984647505;0.984684417;0.038730560;0.169989834,-0.178153799;2.254851469;9.328959477
imc2023_heritage,cyprus,cyprus_dsc_6625.png,0.073146436;-0.138049505;-0.987720574;0.974282861;0.221531931;0.041188719;0.213125563;-0.965332035;0.150703538,3.181275135;3.252852830;0.320707393
imc2023_heritage,cyprus,cyprus_dsc_6500.png,0.996678160;-0.014581919;0.080124978;0.004792143;0.992636083;0.121039836;-0.081299937;-0.120253790;0.989408584,-2.258217800;0.349925652;9.907984232
imc2023_heritage,cyprus,cyprus_dsc_6629.png,-0.525297206;-0.640429621;0.560279168;-0.826333174;0.226799688;-0.515495284;0.203067308;-0.733765495;-0.648345484,-3.896122152;-0.759658798;3.210049687
imc2023_heritage,cyprus,cyprus_dsc_6512.png,0.579551817;-0.057143922;0.812929433;-0.010738671;0.996916388;0.077732858;-0.814864634;-0.053780000;0.577151054,-0.907580719;-0.345257426;13.751711725
imc2023_heritage,cyprus,cyprus_dsc_6633.png,-0.229824588;0.450547622;-0.862663028;0.594421540;0.766833089;0.242136422;0.770612543;-0.457136582;-0.444052310,-0.046854163;2.455088342;4.458913065
imc2023_heritage,cyprus,cyprus_dsc_6508.png,-0.003919669;0.997791732;0.066304574;-0.990081670;0.005439564;-0.140387668;-0.140438322;-0.066197216;0.987873983,0.669732345;5.948813131;10.106058364
imc2023_heritage,cyprus,cyprus_dsc_6496.png,0.997047733;-0.002881563;0.076730137;0.005499821;0.999408959;-0.033933522;-0.076587005;0.034255343;0.996474286,0.569967281;-0.188188758;10.128801685
imc2023_heritage,cyprus,cyprus_dsc_6621.png,-0.044626947;0.906824406;0.419139514;-0.987306045;0.023982520;-0.157008316;-0.152430995;-0.420825778;0.894242952,-1.509686225;-1.957660564;-0.886468753
imc2023_heritage,cyprus,cyprus_dsc_6492.png,0.714387988;0.018204017;-0.699512985;-0.099295048;0.992183064;-0.075586120;0.692668966;0.123455992;0.710611231,-4.803729440;-0.395093462;9.814858836
imc2023_heritage,cyprus,cyprus_dsc_6617.png,0.013870404;0.987852030;0.154777190;-0.987141191;-0.011124360;0.159463216;0.159247859;-0.154998759;0.974995130,-0.266253612;-3.258140120;0.582274180
imc2023_heritage,cyprus,cyprus_dsc_6488.png,0.866766644;0.014582303;-0.498500693;-0.070071494;0.993217680;-0.092782684;0.493766716;0.115351624;0.861909759,-0.965023545;-0.559613224;11.528844379
imc2023_heritage,cyprus,cyprus_dsc_6613.png,-0.150346123;-0.928257616;-0.340196769;0.708757599;-0.341103381;0.617503967;-0.689245028;-0.148277718;0.709193210,0.261095714;-0.475401828;-0.586671399
imc2023_heritage,cyprus,cyprus_dsc_6609.png,0.244110709;-0.030721416;0.969260623;-0.031803587;0.998706792;0.039664547;-0.969225719;-0.040508505;0.242817972,-3.728257315;-0.324629021;3.362504331
imc2023_heritage,cyprus,cyprus_dsc_6520.png,-0.192763266;-0.974737502;-0.112823427;-0.190021761;-0.075721526;0.978855444;-0.962670273;0.210126279;-0.170625008,2.543922796;3.874707296;11.538967282
imc2023_heritage,cyprus,cyprus_dsc_6524.png,-0.398431682;-0.062122748;0.915091776;-0.033187481;0.998026739;0.053303091;-0.916597396;-0.009131951;-0.399707169,4.062897648;-0.257959740;11.524619860
imc2023_heritage,cyprus,cyprus_dsc_6528.png,-0.152688209;-0.066973125;0.986002491;-0.018870274;0.997716807;0.064846636;-0.988094238;-0.008704820;-0.153603393,-1.931534971;-0.518582254;11.477193660
imc2023_heritage,wall,wall_dsc_5063_acr.png,0.999816874;-0.009208347;0.016775707;0.009332603;0.999929483;-0.007343763;-0.016706900;0.007498980;0.999832308,-30.418054341;0.204327655;-0.025149486
imc2023_heritage,wall,wall_dsc_5060_acr.png,0.999924823;-0.010114128;-0.006931992;0.010101640;0.999947295;-0.001834174;0.006950178;0.001764012;0.999974291,-29.161108662;0.126412882;-0.476569661
imc2023_heritage,wall,wall_dsc_5057_acr.png,0.998176169;-0.008441133;0.059775275;0.008429128;0.999964372;0.000452988;-0.059776969;0.000051691;0.998211757,-27.912817991;0.085584562;1.306605736
imc2023_heritage,wall,wall_dsc_5054_acr.png,0.998539040;-0.000881664;0.054027848;0.001132375;0.999988733;-0.004609971;-0.054023175;0.004664415;0.998528788,-26.397828666;0.254338058;1.085182624
imc2023_heritage,wall,wall_dsc_5051_acr.png,0.999632749;-0.023470477;0.013546345;0.023370528;0.999698813;0.007490069;-0.013718061;-0.007170733;0.999880191,-24.878330445;-0.307958688;0.100097509
imc2023_heritage,wall,wall_dsc_5048_acr.png,0.999969023;-0.002173709;-0.007564908;0.002177498;0.999997508;0.000492706;0.007563818;-0.000509163;0.999971264,-23.465387302;0.181121866;-0.530230716
imc2023_heritage,wall,wall_dsc_5045_acr.png,0.999982339;-0.005548995;-0.002128650;0.005544269;0.999982167;-0.002219689;0.002140929;0.002207848;0.999995271,-22.076647087;0.101952894;-0.253195286
imc2023_heritage,wall,wall_dsc_5042_acr.png,0.999996655;-0.002210395;0.001342868;0.002210202;0.999997547;0.000145358;-0.001343186;-0.000142389;0.999999088,-20.727035805;0.145373052;-0.235251950
imc2023_heritage,wall,wall_dsc_5039_acr.png,0.999777653;-0.005700492;0.020301467;0.005634704;0.999978692;0.003296299;-0.020319825;-0.003181173;0.999788470,-19.230703984;0.036014995;-0.003511368
imc2023_heritage,wall,wall_dsc_5033_acr.png,0.998160079;-0.001758870;0.060608275;0.002010761;0.999989593;-0.004095312;-0.060600441;0.004209646;0.998153227,-17.681820194;0.090166016;0.673224936
imc2023_heritage,wall,wall_dsc_4970_acr.png,0.999802912;-0.006127784;-0.018883518;0.005112346;0.998562224;-0.053360546;0.019183350;0.053253490;0.998396747,11.408908217;-0.231559837;-0.248296655
imc2023_heritage,wall,wall_dsc_4973_acr.png,0.999686234;0.002674107;-0.024905474;-0.003569591;0.999346116;-0.035980531;0.024792973;0.036058144;0.999042101,9.700813726;-0.324660782;-0.227619476
imc2023_heritage,wall,wall_dsc_4976_acr.png,0.999648879;0.001489099;0.026455665;-0.000260785;0.998924203;-0.046372062;-0.026496257;0.046348881;0.998573848,7.786968426;-0.248974026;-0.820598487
imc2023_heritage,wall,wall_dsc_4979_acr.png,0.999973099;-0.007308337;0.000623588;0.007324842;0.999436493;-0.032757342;-0.000383835;0.032761029;0.999463140,6.585062384;-0.201254350;-0.475515512
